0.000000000000000000e+00 1.308849999999999980e+01 1.121392193570996021e+01 3.587632659374372590e+00
3.817200000000000415e+01 1.308818000000000126e+01 1.121369443399597721e+01 3.587476156504668445e+00
7.634400000000000830e+01 1.308722999999999992e+01 1.121302194365114069e+01 3.587006647895556899e+00
1.145160000000000053e+02 1.308563999999999972e+01 1.121188443402165724e+01 3.586224133547037951e+00
1.526880000000000166e+02 1.308342000000000027e+01 1.121030175639815596e+01 3.585138394888466973e+00
1.908590000000000089e+02 1.308056999999999981e+01 1.120827426462435206e+01 3.583729869061131446e+00
2.290310000000000059e+02 1.307708000000000048e+01 1.120579176409603939e+01 3.582008337494389405e+00
2.672030000000000314e+02 1.307295000000000051e+01 1.120285407495150842e+01 3.579983581617595778e+00
3.053750000000000000e+02 1.306819000000000131e+01 1.119946154953294482e+01 3.577636038572036714e+00
3.435470000000000255e+02 1.306279999999999930e+01 1.119562384458544635e+01 3.574985271216426952e+00
3.817189999999999941e+02 1.305677000000000021e+01 1.119132128151236927e+01 3.572011716692053973e+00
4.198910000000000196e+02 1.305011000000000010e+01 1.118658354620267303e+01 3.568734937857628520e+00
4.580620000000000118e+02 1.304280999999999935e+01 1.118138076694056693e+01 3.565145153283795665e+00
4.962340000000000373e+02 1.303487999999999936e+01 1.117573296848229170e+01 3.561242362970554964e+00
5.344060000000000628e+02 1.302631000000000050e+01 1.116963013062227539e+01 3.557026566917907306e+00
5.725779999999999745e+02 1.301711000000000062e+01 1.116308226227164546e+01 3.552497765125850915e+00
6.107500000000000000e+02 1.300728000000000151e+01 1.115607934239135979e+01 3.547655957594386678e+00
6.489220000000000255e+02 1.299680999999999997e+01 1.114862136427708705e+01 3.542501144323515039e+00
6.870940000000000509e+02 1.298570000000000135e+01 1.114070832076960826e+01 3.537033325313235999e+00
7.252659999999999627e+02 1.297396999999999956e+01 1.113235021877613917e+01 3.531252500563548669e+00
7.634379999999999882e+02 1.296159000000000106e+01 1.112353685952332327e+01 3.525168451503810196e+00
8.016090000000000373e+02 1.294857999999999976e+01 1.111426858674168905e+01 3.518761615275307619e+00
8.397810000000000628e+02 1.293494000000000099e+01 1.110455505382670260e+01 3.512051554736753456e+00
8.779529999999999745e+02 1.292065999999999981e+01 1.109438658838360148e+01 3.505018707029435632e+00
9.161250000000000000e+02 1.290574999999999939e+01 1.108376282919787137e+01 3.497682635012066221e+00
9.542970000000000255e+02 1.289020999999999972e+01 1.107269413077697173e+01 3.490023775825932706e+00
9.924690000000000509e+02 1.287402000000000157e+01 1.106116010330419108e+01 3.482061692329747160e+00
1.030641000000000076e+03 1.285721000000000025e+01 1.104919095290122044e+01 3.473786603094154213e+00
1.068812000000000126e+03 1.283976000000000006e+01 1.103675662526896950e+01 3.465198508119153864e+00
1.106983999999999924e+03 1.282167000000000101e+01 1.102387713585300233e+01 3.456297407404745670e+00
1.145155999999999949e+03 1.280295999999999879e+01 1.101054245756284367e+01 3.447083300950929630e+00
1.183327999999999975e+03 1.278359999999999985e+01 1.099675257679562357e+01 3.437556188757705744e+00
1.221500000000000000e+03 1.276361000000000168e+01 1.098251749302429303e+01 3.427716070825074013e+00
1.221500000000000000e+03 1.216633000000000031e+01 1.035538883695048895e+01 0.000000000000000000e+00
1.292077999999999975e+03 1.212926000000000037e+01 1.031410015735334973e+01 0.000000000000000000e+00
1.362655999999999949e+03 1.209046999999999983e+01 1.027197150461836728e+01 0.000000000000000000e+00
1.433233999999999924e+03 1.204991000000000057e+01 1.022888288258299028e+01 0.000000000000000000e+00
1.503812000000000126e+03 1.200754000000000055e+01 1.018472429476488195e+01 0.000000000000000000e+00
1.574391000000000076e+03 1.196331999999999951e+01 1.013938574468170550e+01 0.000000000000000000e+00
1.644969000000000051e+03 1.191720000000000113e+01 1.009275723585112772e+01 0.000000000000000000e+00
1.715547000000000025e+03 1.186913999999999980e+01 1.004472877179080825e+01 0.000000000000000000e+00
1.786125000000000000e+03 1.181907999999999959e+01 9.995190356018413880e+00 0.000000000000000000e+00
1.856702999999999975e+03 1.176698999999999984e+01 9.944021992371387952e+00 0.000000000000000000e+00
1.927280999999999949e+03 1.171282000000000068e+01 9.891113684367400793e+00 0.000000000000000000e+00
1.997859000000000151e+03 1.165652000000000044e+01 9.836375434884539359e+00 0.000000000000000000e+00
2.068438000000000102e+03 1.159804999999999886e+01 9.779667248399826818e+00 0.000000000000000000e+00
2.139016000000000076e+03 1.153737000000000101e+01 9.720909127471564659e+00 0.000000000000000000e+00
2.209594000000000051e+03 1.147442000000000029e+01 9.659961076576781380e+00 0.000000000000000000e+00
2.280172000000000025e+03 1.140916999999999959e+01 9.596733098593563938e+00 0.000000000000000000e+00
2.350750000000000000e+03 1.134157000000000082e+01 9.531105197359359238e+00 0.000000000000000000e+00
2.421327999999999975e+03 1.127158000000000015e+01 9.462967376391835828e+00 0.000000000000000000e+00
2.491905999999999949e+03 1.119913999999999987e+01 9.392199639528442390e+00 0.000000000000000000e+00
2.562483999999999924e+03 1.112420999999999971e+01 9.318711989647267657e+00 0.000000000000000000e+00
2.633061999999999898e+03 1.104676000000000080e+01 9.242384430585758537e+00 0.000000000000000000e+00
2.703641000000000076e+03 1.096673000000000009e+01 9.163106965861583575e+00 0.000000000000000000e+00
2.774219000000000051e+03 1.088406999999999947e+01 9.080759599312191455e+00 0.000000000000000000e+00
2.844797000000000025e+03 1.079875000000000007e+01 8.995242334135458151e+00 0.000000000000000000e+00
2.915375000000000000e+03 1.071072000000000024e+01 8.906445173849045105e+00 0.000000000000000000e+00
2.985952999999999975e+03 1.061993000000000009e+01 8.814248122290406329e+00 0.000000000000000000e+00
3.056530999999999949e+03 1.052634000000000114e+01 8.718551182657414245e+00 0.000000000000000000e+00
3.127108999999999924e+03 1.042990999999999957e+01 8.619234358787522865e+00 0.000000000000000000e+00
3.197688000000000102e+03 1.033057999999999943e+01 8.516187654198391854e+00 0.000000000000000000e+00
3.268266000000000076e+03 1.022831000000000046e+01 8.409311072087898964e+00 0.000000000000000000e+00
3.338844000000000051e+03 1.012305999999999884e+01 8.298474616613283672e+00 0.000000000000000000e+00
3.409422000000000025e+03 1.001479000000000141e+01 8.183588290652631159e+00 0.000000000000000000e+00
3.480000000000000000e+03 9.903440000000001575e+00 8.064532098043395436e+00 0.000000000000000000e+00
3.480000000000000000e+03 5.566460000000000186e+00 1.368594155922093769e+01 7.221595128697085642e+00
3.517500000000000000e+03 5.547670000000000101e+00 1.367674845689451679e+01 7.221972876578801603e+00
3.555000000000000000e+03 5.528909999999999769e+00 1.366763583088372158e+01 7.222310861525599535e+00
3.592500000000000000e+03 5.510180000000000078e+00 1.365861353755250462e+01 7.222628965004938451e+00
3.630000000000000000e+03 5.491479999999999251e+00 1.364966186827760630e+01 7.222887424081902985e+00
3.630000000000000000e+03 5.491479999999999251e+00 1.364966186827760630e+01 7.222887424081902985e+00
3.666481999999999971e+03 5.473290000000000433e+00 1.360552489455471026e+01 7.206266517286417539e+00
3.702963000000000193e+03 5.455130000000000479e+00 1.356175767588545789e+01 7.189764899295687073e+00
3.739443999999999960e+03 5.436970000000000525e+00 1.351832037681117527e+01 7.173352747908517735e+00
3.775925999999999931e+03 5.418820000000000192e+00 1.347518310036281086e+01 7.157010181657456727e+00
3.812407000000000153e+03 5.400669999999999860e+00 1.343231586582220061e+01 7.140727259808769212e+00
3.848889000000000124e+03 5.382520000000000415e+00 1.338967858624599749e+01 7.124503982362458743e+00
3.885369999999999891e+03 5.364370000000000083e+00 1.334726140850022524e+01 7.108320467851066304e+00
3.921851999999999862e+03 5.346210000000000129e+00 1.330502441336479613e+01 7.092156834807131993e+00
3.958333000000000084e+03 5.328039999999999665e+00 1.326293745127996004e+01 7.076023023964387093e+00
3.994815000000000055e+03 5.309850000000000847e+00 1.322096051814605033e+01 7.059909094589099432e+00
4.031296000000000276e+03 5.291649999999999743e+00 1.317908384505330233e+01 7.043785224480083151e+00
4.067778000000000247e+03 5.273430000000000284e+00 1.313725732130044577e+01 7.027651413637338251e+00
4.104259000000000015e+03 5.255180000000000184e+00 1.309547100936065611e+01 7.011497721327133448e+00
4.140740999999999985e+03 5.236909999999999954e+00 1.305367488218324823e+01 6.995314206815740121e+00
4.177221999999999753e+03 5.218600000000000350e+00 1.301185900203756241e+01 6.979090929369430540e+00
4.213703999999999724e+03 5.200260000000000105e+00 1.296997342603842185e+01 6.962808007520743914e+00
4.250185000000000400e+03 5.181880000000000486e+00 1.292800804693331429e+01 6.946475382003411525e+00
4.286667000000000371e+03 5.163459999999999717e+00 1.288591300606736567e+01 6.930063230616243075e+00
4.323148000000000138e+03 5.145000000000000462e+00 1.284366825796703360e+01 6.913571553359239452e+00
4.359630000000000109e+03 5.126479999999999926e+00 1.280125392681472007e+01 6.896980468764945194e+00
4.396110999999999876e+03 5.107920000000000016e+00 1.275861989881325265e+01 6.880289976833354970e+00
4.432592999999999847e+03 5.089290000000000092e+00 1.271574621269887650e+01 6.863490136830742827e+00
4.469074000000000524e+03 5.070609999999999395e+00 1.267260296960636090e+01 6.846561067289647085e+00
4.505556000000000495e+03 5.051870000000000083e+00 1.262916018545846875e+01 6.829492827476341787e+00
4.542037000000000262e+03 5.033060000000000755e+00 1.258538779056490498e+01 6.812285417390825160e+00
4.578518000000000029e+03 5.014180000000000526e+00 1.254125588562459015e+01 6.794918955565639962e+00
4.615000000000000000e+03 4.995220000000000660e+00 1.249673440031222427e+01 6.777393442000783530e+00
4.651481999999999971e+03 4.976189999999999891e+00 1.245179343499829550e+01 6.759688995228799513e+00
4.687962999999999738e+03 4.957080000000000375e+00 1.240640300440494492e+01 6.741795674515957515e+00
4.724444000000000415e+03 4.937890000000000335e+00 1.236052309988301090e+01 6.723703539128528028e+00
4.760926000000000386e+03 4.918610000000000149e+00 1.231414378176383728e+01 6.705402648332782434e+00
4.797407000000000153e+03 4.899239999999999817e+00 1.226722495488198561e+01 6.686893002128720731e+00
4.833889000000000124e+03 4.879780000000000229e+00 1.221972678144882352e+01 6.668144778315153509e+00
4.870369999999999891e+03 4.860210000000000363e+00 1.217163923526493718e+01 6.649157976892082544e+00
4.906851999999999862e+03 4.840550000000000352e+00 1.212291219641568674e+01 6.629932597859506949e+00
4.943333000000000538e+03 4.820789999999999687e+00 1.207352587314816894e+01 6.610438819016239087e+00
4.979815000000000509e+03 4.800910000000000011e+00 1.202346021492463457e+01 6.590676640362278071e+00
5.016296000000000276e+03 4.780930000000000568e+00 1.197266518665284885e+01 6.570636121163895282e+00
5.052778000000000247e+03 4.760830000000000339e+00 1.192112082309916232e+01 6.550307320687358548e+00
5.089259000000000015e+03 4.740610000000000213e+00 1.186879713517797441e+01 6.529680298198946353e+00
5.125740999999999985e+03 4.720270000000000188e+00 1.181566422022765828e+01 6.508735172231190802e+00
5.162221999999999753e+03 4.699800000000000644e+00 1.176169200152732763e+01 6.487471942784096335e+00
5.198703999999999724e+03 4.679210000000000313e+00 1.170685057562771014e+01 6.465870728390204825e+00
5.235185000000000400e+03 4.658479999999999954e+00 1.165110986451265340e+01 6.443931529049515383e+00
5.271667000000000371e+03 4.637620000000000076e+00 1.159442993987194370e+01 6.421634463294567219e+00
5.308148000000000138e+03 4.616620000000000168e+00 1.153680077009148519e+01 6.398979531125363884e+00
5.344630000000000109e+03 4.595479999999999343e+00 1.147818233827202405e+01 6.375956791808174096e+00
5.381110999999999876e+03 4.574189999999999756e+00 1.141853480202227011e+01 6.352536423141809330e+00
5.417592999999999847e+03 4.552750000000000519e+00 1.135783801592097575e+01 6.328728365859999982e+00
5.454074000000000524e+03 4.531159999999999854e+00 1.129607209705333304e+01 6.304512738495287927e+00
5.490556000000000495e+03 4.509420000000000428e+00 1.123318691295334126e+01 6.279889541047670498e+00
5.527037000000000262e+03 4.487510000000000332e+00 1.116916257914905763e+01 6.254838892049692234e+00
5.563518000000000029e+03 4.465440000000000076e+00 1.110396918655364829e+01 6.229340910033892342e+00
5.600000000000000000e+03 4.443200000000000038e+00 1.103758090724112328e+01 6.203480091236970750e+00
5.600000000000000000e+03 4.443200000000000038e+00 1.103758090724112328e+01 6.203480091236970750e+00
5.633667000000000371e+03 4.422530000000000072e+00 1.093350898324991505e+01 6.105638419505778458e+00
5.667333000000000538e+03 4.401710000000000456e+00 1.082936000500085072e+01 6.007752014472802493e+00
5.701000000000000000e+03 4.380740000000000300e+00 1.072513826560591710e+01 5.909895431641016827e+00
5.701000000000000000e+03 3.992119999999999891e+00 1.021386314465393141e+01 5.498182602167219990e+00
5.771000000000000000e+03 3.975820000000000132e+00 1.010579378874692402e+01 5.444673141173380415e+00
5.771000000000000000e+03 3.975820000000000132e+00 1.010579378874692402e+01 5.444673141173380415e+00
5.804333000000000538e+03 3.933809999999999807e+00 9.935964763774418174e+00 5.348670392935868101e+00
5.837667000000000371e+03 3.891800000000000370e+00 9.766270962173376091e+00 5.252687828515538726e+00
5.871000000000000000e+03 3.849780000000000424e+00 9.596577082182259133e+00 5.156705265672924199e+00
5.904333000000000538e+03 3.807770000000000099e+00 9.426883119565486524e+00 5.060722704497792712e+00
5.937667000000000371e+03 3.765760000000000218e+00 9.257189069776718071e+00 4.964740145086857126e+00
5.971000000000000000e+03 3.723749999999999893e+00 9.087494927929855137e+00 4.868757587544457088e+00
5.971000000000000000e+03 3.543260000000000076e+00 8.861014979472313868e+00 4.708221268870907750e+00
5.993500000000000000e+03 3.529830000000000023e+00 8.817812881602595354e+00 4.692674929328209288e+00
6.016000000000000000e+03 3.516389999999999905e+00 8.774600517906923969e+00 4.677128589785511714e+00
6.038500000000000000e+03 3.502960000000000296e+00 8.731387934198901135e+00 4.661582250242813252e+00
6.061000000000000000e+03 3.489520000000000177e+00 8.688185176858084446e+00 4.646035910700113014e+00
6.083500000000000000e+03 3.476080000000000059e+00 8.644972143405590614e+00 4.630489571157416329e+00
6.106000000000000000e+03 3.462650000000000006e+00 8.601758879928818047e+00 4.614943231614717867e+00
6.128500000000000000e+03 3.449209999999999887e+00 8.558555433098300469e+00 4.599396892072019405e+00
6.151000000000000000e+03 3.435770000000000213e+00 8.515341699252257257e+00 4.583850552529320943e+00
6.151000000000000000e+03 3.359489999999999643e+00 7.914137400975532088e+00 4.316725589158661336e+00
6.179000000000000000e+03 3.362530000000000463e+00 7.939919194021326732e+00 4.337445431853852007e+00
6.207000000000000000e+03 3.365580000000000016e+00 7.973977947348945605e+00 4.369753368659794468e+00
6.235000000000000000e+03 3.368619999999999948e+00 8.006122289048391849e+00 4.399844413804189891e+00
6.263000000000000000e+03 3.371659999999999879e+00 8.033809171804438876e+00 4.424253366544824928e+00
6.291000000000000000e+03 3.374710000000000321e+00 8.057899516459894329e+00 4.444157920524370198e+00
6.291000000000000000e+03 3.374710000000000321e+00 8.057899516459894329e+00 4.444157920524370198e+00
6.318800000000000182e+03 3.377730000000000121e+00 8.079430319575415353e+00 4.461034968263358103e+00
6.346600000000000364e+03 3.380749999999999922e+00 8.099396040095962590e+00 4.476121175733488222e+00
6.371000000000000000e+03 3.380749999999999922e+00 8.101426591932245458e+00 4.478871493013646621e+00
