0.000000000000000E+00 -4.061933488336615E-20 8.961206580104273E-22
3.185500000000000E+02 1.415944056644745E-05 -7.451619748438933E-18
6.371000000000000E+02 -1.228308628209100E-05 6.462501166981938E-18
9.556500000000000E+02 2.693079483669078E-06 -1.416244733258865E-18
1.274200000000000E+03 7.625464212887325E-07 -4.031572518113773E-19
1.592750000000000E+03 -2.119778381300879E-06 1.116612593786283E-18
1.911299999999999E+03 4.327155630678717E-06 -2.278034239565016E-18
2.229849999999999E+03 -1.701734129453249E-06 8.961261563091740E-19
2.548399999999999E+03 8.610902518839419E-07 -4.522314520487672E-19
2.866949999999999E+03 6.574240873473108E-07 -3.460695160518179E-19
3.185500000000000E+03 -2.325610916190621E-06 1.224678084616398E-18
3.504049999999999E+03 1.299481627250128E-06 -6.834716425957323E-19
3.822599999999999E+03 -1.362199152679891E-06 7.163905453083140E-19
4.141150000000000E+03 -5.918139612199721E-09 3.662658476807717E-21
4.459700000000000E+03 1.182837847433779E-06 -6.233417404827964E-19
4.778250000000000E+03 -9.550085459995092E-07 5.033241677548130E-19
5.096800000000000E+03 1.449082763232273E-06 -7.635022116969616E-19
5.415350000000000E+03 -3.438866425284031E-07 1.812109931452626E-19
5.733900000000001E+03 -3.866329195530357E-07 2.036082972548685E-19
6.052450000000001E+03 6.263266767912185E-07 -3.297307072553248E-19
6.371000000000000E+03 -1.303926253126055E-06 6.862569755125985E-19
