0.000000000000000E+00 -1.615579936594645E-20 -1.096853738067776E-22
3.185500000000000E+02 2.097607812605405E-06 -8.651846923149387E-19
6.371000000000000E+02 -3.334256941769048E-06 1.375340502252382E-18
9.556500000000000E+02 1.529863417772407E-06 -6.310703426985303E-19
1.274200000000000E+03 -2.800047102461172E-06 1.155258122700258E-18
1.592750000000000E+03 1.314284422732889E-06 -5.423592166266618E-19
1.911299999999999E+03 -2.459978339320499E-06 1.015104755314268E-18
2.229849999999999E+03 1.164823311641426E-06 -4.806904862885676E-19
2.548399999999999E+03 -2.197437239468229E-06 9.066936823701932E-19
2.866949999999999E+03 1.043716462398041E-06 -4.307540911821344E-19
3.185500000000000E+03 -1.973754666607039E-06 8.144224238588152E-19
3.504049999999999E+03 9.375366817911697E-07 -3.868803502012179E-19
3.822599999999999E+03 -1.772167168871231E-06 7.313484804288467E-19
4.141150000000000E+03 8.401964166220488E-07 -3.468395740739593E-19
4.459700000000000E+03 -1.584434446295443E-06 6.540340132890775E-19
4.778250000000000E+03 7.486417248161365E-07 -3.090031998828246E-19
5.096800000000000E+03 -1.406298553792545E-06 5.804710323351983E-19
5.415350000000000E+03 6.613014849771203E-07 -2.730618018929458E-19
5.733900000000001E+03 -1.235594884145205E-06 5.102133330791166E-19
6.052450000000001E+03 5.774097339593305E-07 -2.383676839141258E-19
6.371000000000000E+03 -1.071348913367314E-06 4.422231098605695E-19
