0.000000000000000E+00 -2.692204354350819E-20 5.240315733791601E-22
3.185500000000000E+02 5.069238974674933E-06 -2.151281626432865E-18
6.371000000000000E+02 -7.650944518260145E-06 3.246950781696072E-18
9.556500000000000E+02 3.385601646938759E-06 -1.436834163492670E-18
1.274200000000000E+03 -5.713204100691429E-06 2.425105977269596E-18
1.592750000000000E+03 2.481898577467813E-06 -1.053692789169085E-18
1.911299999999999E+03 -4.082817417192627E-06 1.733053055610388E-18
2.229849999999999E+03 1.686948858149440E-06 -7.160508470906055E-19
2.548399999999999E+03 -2.594035590947242E-06 1.100515862444888E-18
2.866949999999999E+03 9.687304477674186E-07 -4.111378653026412E-19
3.185500000000000E+03 -1.271452374511880E-06 5.389893219019798E-19
3.504049999999999E+03 3.510653548914283E-07 -1.487323544258234E-19
3.822599999999999E+03 -1.768348483724121E-07 7.458959674711636E-20
4.141150000000000E+03 -1.354743717043753E-07 5.749618979811344E-20
4.459700000000000E+03 6.351264495799912E-07 -2.696635096144574E-19
4.778250000000000E+03 -4.691755809171175E-07 1.992253997307256E-19
5.096800000000000E+03 1.135550410756619E-06 -4.819913338978207E-19
5.415350000000000E+03 -6.437122989963647E-07 2.729086401431622E-19
5.733900000000001E+03 1.328763941954269E-06 -5.633674135257354E-19
6.052450000000001E+03 -6.699142853103158E-07 2.842399900764683E-19
6.371000000000000E+03 1.252105702496101E-06 -5.314197770261088E-19
