0.000000000000000E+00 -2.798120608505813E-20 2.738882418187609E-22
3.185500000000000E+02 7.940980539765726E-06 -3.557580543030033E-18
6.371000000000000E+02 -1.070762869919434E-05 4.797246920410416E-18
9.556500000000000E+02 4.327274837443510E-06 -1.938711117959316E-18
1.274200000000000E+03 -5.948361732718044E-06 2.665052663354968E-18
1.592750000000000E+03 2.001532356457234E-06 -8.967961861492297E-19
1.911299999999999E+03 -1.947809798678920E-06 8.725663735873134E-19
2.229849999999999E+03 1.859458008185955E-07 -8.293477327682033E-20
2.548399999999999E+03 8.812081427465868E-07 -3.953531934209641E-19
2.866949999999999E+03 -9.017815917588267E-07 4.046052540492715E-19
3.185500000000000E+03 2.192260479904594E-06 -9.829777675273859E-19
3.504049999999999E+03 -1.190640300182396E-06 5.340493674272639E-19
3.822599999999999E+03 2.073158404254228E-06 -9.297409625632067E-19
4.141150000000000E+03 -8.448045203032282E-07 3.788792901916268E-19
4.459700000000000E+03 1.027800674464909E-06 -4.611045640124798E-19
4.778250000000000E+03 -1.964881276112618E-07 8.839775675522699E-20
5.096800000000000E+03 -2.404627210582530E-07 1.074105947637281E-19
5.415350000000000E+03 3.924319618069313E-07 -1.757888041656467E-19
5.733900000000001E+03 -1.112225811340304E-06 4.983671296894758E-19
6.052450000000001E+03 6.689922713380725E-07 -2.996965669398564E-19
6.371000000000000E+03 -1.273108533783133E-06 5.701803740787429E-19
