0.000000000000000E+00 -3.539773690891873E-20 1.979418084567084E-21
3.185500000000000E+02 1.096891318324025E-05 -5.295951929355368E-18
6.371000000000000E+02 -1.236178991359848E-05 5.970066021173614E-18
9.556500000000000E+02 4.146388367180718E-06 -2.002463046353970E-18
1.274200000000000E+03 -3.475728549803640E-06 1.678862198195723E-18
1.592750000000000E+03 1.001649019160668E-07 -4.895771510418084E-20
1.911299999999999E+03 2.052271862635721E-06 -9.903213007229341E-19
2.229849999999999E+03 -1.701201666835169E-06 8.217807449360042E-19
2.548399999999999E+03 3.212394832126643E-06 -1.551243660677762E-18
2.866949999999999E+03 -1.329132538272694E-06 6.424702188173305E-19
3.185500000000000E+03 1.257766850618209E-06 -6.077856897712576E-19
3.504049999999999E+03 2.451641468804409E-08 -1.095355788537849E-20
3.822599999999999E+03 -1.120137580812411E-06 5.396398875216470E-19
4.141150000000000E+03 9.402669622010486E-07 -4.538087560762109E-19
4.459700000000000E+03 -1.839033544066996E-06 8.880377477983016E-19
4.778250000000000E+03 7.809751933700932E-07 -3.769728240111599E-19
5.096800000000000E+03 -7.391773243404509E-07 3.572090714707407E-19
5.415350000000000E+03 -4.213440957682304E-08 2.012557708278413E-20
5.733900000000001E+03 7.847173928113003E-07 -3.780795212453345E-19
6.052450000000001E+03 -6.536053989384948E-07 3.151405102992333E-19
6.371000000000000E+03 1.286295142719098E-06 -6.204888041172781E-19
