Model prem_noocean adjusted from freq.  1000.00 to     3.00 mHz no Q
   0  -1.0   1
   185  33  66
      0. 13088.50 11213.82  3586.74      0.0      0.0 11213.82  3586.74  1.00000
  38172. 13088.18 11213.59  3586.58      0.0      0.0 11213.59  3586.58  1.00000
  76344. 13087.23 11212.92  3586.11      0.0      0.0 11212.92  3586.11  1.00000
 114516. 13085.64 11211.78  3585.33      0.0      0.0 11211.78  3585.33  1.00000
 152688. 13083.42 11210.20  3584.24      0.0      0.0 11210.20  3584.24  1.00000
 190859. 13080.57 11208.17  3582.84      0.0      0.0 11208.17  3582.84  1.00000
 229031. 13077.08 11205.69  3581.11      0.0      0.0 11205.69  3581.11  1.00000
 267203. 13072.95 11202.75  3579.09      0.0      0.0 11202.75  3579.09  1.00000
 305375. 13068.19 11199.36  3576.74      0.0      0.0 11199.36  3576.74  1.00000
 343547. 13062.80 11195.52  3574.09      0.0      0.0 11195.52  3574.09  1.00000
 381719. 13056.77 11191.22  3571.12      0.0      0.0 11191.22  3571.12  1.00000
 419891. 13050.11 11186.48  3567.84      0.0      0.0 11186.48  3567.84  1.00000
 458062. 13042.81 11181.28  3564.25      0.0      0.0 11181.28  3564.25  1.00000
 496234. 13034.88 11175.63  3560.35      0.0      0.0 11175.63  3560.35  1.00000
 534406. 13026.31 11169.53  3556.14      0.0      0.0 11169.53  3556.14  1.00000
 572578. 13017.11 11162.98  3551.61      0.0      0.0 11162.98  3551.61  1.00000
 610750. 13007.28 11155.98  3546.77      0.0      0.0 11155.98  3546.77  1.00000
 648922. 12996.81 11148.52  3541.62      0.0      0.0 11148.52  3541.62  1.00000
 687094. 12985.70 11140.61  3536.15      0.0      0.0 11140.61  3536.15  1.00000
 725266. 12973.97 11132.25  3530.37      0.0      0.0 11132.25  3530.37  1.00000
 763438. 12961.59 11123.44  3524.29      0.0      0.0 11123.44  3524.29  1.00000
 801609. 12948.58 11114.17  3517.88      0.0      0.0 11114.17  3517.88  1.00000
 839781. 12934.94 11104.46  3511.17      0.0      0.0 11104.46  3511.17  1.00000
 877953. 12920.66 11094.29  3504.14      0.0      0.0 11094.29  3504.14  1.00000
 916125. 12905.75 11083.66  3496.81      0.0      0.0 11083.66  3496.81  1.00000
 954297. 12890.21 11072.60  3489.15      0.0      0.0 11072.60  3489.15  1.00000
 992469. 12874.02 11061.06  3481.19      0.0      0.0 11061.06  3481.19  1.00000
1030641. 12857.21 11049.09  3472.92      0.0      0.0 11049.09  3472.92  1.00000
1068812. 12839.76 11036.66  3464.33      0.0      0.0 11036.66  3464.33  1.00000
1106984. 12821.67 11023.78  3455.43      0.0      0.0 11023.78  3455.43  1.00000
1145156. 12802.96 11010.45  3446.22      0.0      0.0 11010.45  3446.22  1.00000
1183328. 12783.60 10996.66  3436.70      0.0      0.0 10996.66  3436.70  1.00000
1221500. 12763.61 10982.42  3426.86      0.0      0.0 10982.42  3426.86  1.00000
1221500. 12166.33 10355.39     0.00      0.0      0.0 10355.39     0.00  1.00000
1292078. 12129.26 10314.10     0.00      0.0      0.0 10314.10     0.00  1.00000
1362656. 12090.47 10271.97     0.00      0.0      0.0 10271.97     0.00  1.00000
1433234. 12049.91 10228.88     0.00      0.0      0.0 10228.88     0.00  1.00000
1503812. 12007.54 10184.72     0.00      0.0      0.0 10184.72     0.00  1.00000
1574391. 11963.32 10139.39     0.00      0.0      0.0 10139.39     0.00  1.00000
1644969. 11917.20 10092.76     0.00      0.0      0.0 10092.76     0.00  1.00000
1715547. 11869.14 10044.73     0.00      0.0      0.0 10044.73     0.00  1.00000
1786125. 11819.08  9995.19     0.00      0.0      0.0  9995.19     0.00  1.00000
1856703. 11766.99  9944.02     0.00      0.0      0.0  9944.02     0.00  1.00000
1927281. 11712.82  9891.11     0.00      0.0      0.0  9891.11     0.00  1.00000
1997859. 11656.52  9836.38     0.00      0.0      0.0  9836.38     0.00  1.00000
2068438. 11598.05  9779.67     0.00      0.0      0.0  9779.67     0.00  1.00000
2139016. 11537.37  9720.91     0.00      0.0      0.0  9720.91     0.00  1.00000
2209594. 11474.42  9659.96     0.00      0.0      0.0  9659.96     0.00  1.00000
2280172. 11409.17  9596.73     0.00      0.0      0.0  9596.73     0.00  1.00000
2350750. 11341.57  9531.11     0.00      0.0      0.0  9531.11     0.00  1.00000
2421328. 11271.58  9462.97     0.00      0.0      0.0  9462.97     0.00  1.00000
2491906. 11199.14  9392.20     0.00      0.0      0.0  9392.20     0.00  1.00000
2562484. 11124.21  9318.71     0.00      0.0      0.0  9318.71     0.00  1.00000
2633062. 11046.76  9242.38     0.00      0.0      0.0  9242.38     0.00  1.00000
2703641. 10966.73  9163.11     0.00      0.0      0.0  9163.11     0.00  1.00000
2774219. 10884.07  9080.76     0.00      0.0      0.0  9080.76     0.00  1.00000
2844797. 10798.75  8995.24     0.00      0.0      0.0  8995.24     0.00  1.00000
2915375. 10710.72  8906.45     0.00      0.0      0.0  8906.45     0.00  1.00000
2985953. 10619.93  8814.25     0.00      0.0      0.0  8814.25     0.00  1.00000
3056531. 10526.34  8718.55     0.00      0.0      0.0  8718.55     0.00  1.00000
3127109. 10429.91  8619.23     0.00      0.0      0.0  8619.23     0.00  1.00000
3197688. 10330.58  8516.19     0.00      0.0      0.0  8516.19     0.00  1.00000
3268266. 10228.31  8409.31     0.00      0.0      0.0  8409.31     0.00  1.00000
3338844. 10123.06  8298.47     0.00      0.0      0.0  8298.47     0.00  1.00000
3409422. 10014.79  8183.59     0.00      0.0      0.0  8183.59     0.00  1.00000
3480000.  9903.44  8064.53     0.00      0.0      0.0  8064.53     0.00  1.00000
3480000.  5566.46 13685.91  7221.47      0.0      0.0 13685.91  7221.47  1.00000
3517500.  5547.67 13676.71  7221.84      0.0      0.0 13676.71  7221.84  1.00000
3555000.  5528.91 13667.60  7222.18      0.0      0.0 13667.60  7222.18  1.00000
3592500.  5510.18 13658.58  7222.50      0.0      0.0 13658.58  7222.50  1.00000
3630000.  5491.48 13649.64  7222.78      0.0      0.0 13649.64  7222.78  1.00000
3630000.  5491.48 13649.62  7222.74      0.0      0.0 13649.62  7222.74  1.00000
3666482.  5473.29 13605.49  7206.14      0.0      0.0 13605.49  7206.14  1.00000
3702963.  5455.13 13561.72  7189.64      0.0      0.0 13561.72  7189.64  1.00000
3739444.  5436.97 13518.29  7173.23      0.0      0.0 13518.29  7173.23  1.00000
3775926.  5418.82 13475.15  7156.88      0.0      0.0 13475.15  7156.88  1.00000
3812407.  5400.67 13432.28  7140.60      0.0      0.0 13432.28  7140.60  1.00000
3848889.  5382.52 13389.64  7124.38      0.0      0.0 13389.64  7124.38  1.00000
3885370.  5364.37 13347.23  7108.19      0.0      0.0 13347.23  7108.19  1.00000
3921852.  5346.21 13304.99  7092.03      0.0      0.0 13304.99  7092.03  1.00000
3958333.  5328.04 13262.90  7075.90      0.0      0.0 13262.90  7075.90  1.00000
3994815.  5309.85 13220.93  7059.78      0.0      0.0 13220.93  7059.78  1.00000
4031296.  5291.65 13179.05  7043.66      0.0      0.0 13179.05  7043.66  1.00000
4067778.  5273.43 13137.22  7027.53      0.0      0.0 13137.22  7027.53  1.00000
4104259.  5255.18 13095.44  7011.37      0.0      0.0 13095.44  7011.37  1.00000
4140741.  5236.91 13053.64  6995.19      0.0      0.0 13053.64  6995.19  1.00000
4177222.  5218.60 13011.82  6978.97      0.0      0.0 13011.82  6978.97  1.00000
4213704.  5200.26 12969.94  6962.68      0.0      0.0 12969.94  6962.68  1.00000
4250185.  5181.88 12927.97  6946.35      0.0      0.0 12927.97  6946.35  1.00000
4286667.  5163.46 12885.88  6929.94      0.0      0.0 12885.88  6929.94  1.00000
4323148.  5145.00 12843.63  6913.45      0.0      0.0 12843.63  6913.45  1.00000
4359630.  5126.48 12801.22  6896.86      0.0      0.0 12801.22  6896.86  1.00000
4396111.  5107.92 12758.58  6880.17      0.0      0.0 12758.58  6880.17  1.00000
4432593.  5089.29 12715.71  6863.37      0.0      0.0 12715.71  6863.37  1.00000
4469074.  5070.61 12672.57  6846.44      0.0      0.0 12672.57  6846.44  1.00000
4505556.  5051.87 12629.13  6829.37      0.0      0.0 12629.13  6829.37  1.00000
4542037.  5033.06 12585.35  6812.16      0.0      0.0 12585.35  6812.16  1.00000
4578518.  5014.18 12541.22  6794.80      0.0      0.0 12541.22  6794.80  1.00000
4615000.  4995.22 12496.70  6777.27      0.0      0.0 12496.70  6777.27  1.00000
4651482.  4976.19 12451.76  6759.57      0.0      0.0 12451.76  6759.57  1.00000
4687963.  4957.08 12406.37  6741.68      0.0      0.0 12406.37  6741.68  1.00000
4724444.  4937.89 12360.49  6723.58      0.0      0.0 12360.49  6723.58  1.00000
4760926.  4918.61 12314.11  6705.28      0.0      0.0 12314.11  6705.28  1.00000
4797407.  4899.24 12267.19  6686.77      0.0      0.0 12267.19  6686.77  1.00000
4833889.  4879.78 12219.69  6668.03      0.0      0.0 12219.69  6668.03  1.00000
4870370.  4860.21 12171.60  6649.04      0.0      0.0 12171.60  6649.04  1.00000
4906852.  4840.55 12122.88  6629.81      0.0      0.0 12122.88  6629.81  1.00000
4943333.  4820.79 12073.49  6610.32      0.0      0.0 12073.49  6610.32  1.00000
4979815.  4800.91 12023.43  6590.56      0.0      0.0 12023.43  6590.56  1.00000
5016296.  4780.93 11972.63  6570.52      0.0      0.0 11972.63  6570.52  1.00000
5052778.  4760.83 11921.09  6550.19      0.0      0.0 11921.09  6550.19  1.00000
5089259.  4740.61 11868.76  6529.56      0.0      0.0 11868.76  6529.56  1.00000
5125741.  4720.27 11815.63  6508.62      0.0      0.0 11815.63  6508.62  1.00000
5162222.  4699.80 11761.66  6487.36      0.0      0.0 11761.66  6487.36  1.00000
5198704.  4679.21 11706.82  6465.76      0.0      0.0 11706.82  6465.76  1.00000
5235185.  4658.48 11651.07  6443.82      0.0      0.0 11651.07  6443.82  1.00000
5271667.  4637.62 11594.39  6421.52      0.0      0.0 11594.39  6421.52  1.00000
5308148.  4616.62 11536.77  6398.87      0.0      0.0 11536.77  6398.87  1.00000
5344630.  4595.48 11478.15  6375.84      0.0      0.0 11478.15  6375.84  1.00000
5381111.  4574.19 11418.50  6352.42      0.0      0.0 11418.50  6352.42  1.00000
5417593.  4552.75 11357.80  6328.62      0.0      0.0 11357.80  6328.62  1.00000
5454074.  4531.16 11296.04  6304.40      0.0      0.0 11296.04  6304.40  1.00000
5490556.  4509.42 11233.15  6279.78      0.0      0.0 11233.15  6279.78  1.00000
5527037.  4487.51 11169.13  6254.73      0.0      0.0 11169.13  6254.73  1.00000
5563518.  4465.44 11103.93  6229.23      0.0      0.0 11103.93  6229.23  1.00000
5600000.  4443.20 11037.54  6203.30      0.0      0.0 11037.54  6203.30  1.00000
5600000.  4443.20 11037.55  6203.44      0.0      0.0 11037.55  6203.44  1.00000
5633667.  4422.53 10933.47  6105.53      0.0      0.0 10933.47  6105.53  1.00000
5667333.  4401.71 10829.33  6007.65      0.0      0.0 10829.33  6007.65  1.00000
5701000.  4380.74 10725.11  5909.79      0.0      0.0 10725.11  5909.79  1.00000
5701000.  3992.12 10213.73  5497.71      0.0      0.0 10213.73  5497.71  1.00000
5771000.  3975.82 10105.79  5444.23      0.0      0.0 10105.79  5444.23  1.00000
5771000.  3975.82 10105.66  5444.14      0.0      0.0 10105.66  5444.14  1.00000
5804333.  3933.81  9935.96  5348.16      0.0      0.0  9935.96  5348.16  1.00000
5837667.  3891.80  9766.26  5252.19      0.0      0.0  9766.26  5252.19  1.00000
5871000.  3849.78  9596.57  5156.21      0.0      0.0  9596.57  5156.21  1.00000
5904333.  3807.77  9426.88  5060.24      0.0      0.0  9426.88  5060.24  1.00000
5937667.  3765.76  9257.19  4964.27      0.0      0.0  9257.19  4964.27  1.00000
5971000.  3723.75  9087.50  4868.29      0.0      0.0  9087.50  4868.29  1.00000
5971000.  3543.26  8860.90  4707.82      0.0      0.0  8860.90  4707.82  1.00000
5993500.  3529.83  8817.70  4692.27      0.0      0.0  8817.70  4692.27  1.00000
6016000.  3516.39  8774.49  4676.73      0.0      0.0  8774.49  4676.73  1.00000
6038500.  3502.96  8731.28  4661.18      0.0      0.0  8731.28  4661.18  1.00000
6061000.  3489.52  8688.07  4645.64      0.0      0.0  8688.07  4645.64  1.00000
6083500.  3476.08  8644.86  4630.09      0.0      0.0  8644.86  4630.09  1.00000
6106000.  3462.65  8601.65  4614.55      0.0      0.0  8601.65  4614.55  1.00000
6128500.  3449.21  8558.44  4599.00      0.0      0.0  8558.44  4599.00  1.00000
6151000.  3435.77  8515.23  4583.46      0.0      0.0  8515.23  4583.46  1.00000
6151000.  3359.49  7847.36  4334.87      0.0      0.0  7847.36  4334.87  1.00000
6179000.  3362.53  7873.30  4343.98      0.0      0.0  7873.30  4343.98  1.00000
6207000.  3365.58  7899.24  4353.10      0.0      0.0  7899.24  4353.10  1.00000
6235000.  3368.62  7925.17  4362.23      0.0      0.0  7925.17  4362.23  1.00000
6263000.  3371.66  7951.11  4371.35      0.0      0.0  7951.11  4371.35  1.00000
6291000.  3374.71  7977.04  4380.46      0.0      0.0  7977.04  4380.46  1.00000
6291000.  3374.71  8044.12  4471.57      0.0      0.0  8044.12  4471.57  1.00000
6318800.  3377.73  8069.93  4480.81      0.0      0.0  8069.93  4480.81  1.00000
6346600.  3380.75  8095.75  4490.05      0.0      0.0  8095.75  4490.05  1.00000
6346600.  2900.00  6790.68  3887.96      0.0      0.0  6790.68  3887.96  1.00000
6347000.  2900.00  6790.68  3887.96      0.0      0.0  6790.68  3887.96  1.00000
6348000.  2900.00  6790.68  3887.96      0.0      0.0  6790.68  3887.96  1.00000
6349000.  2900.00  6790.68  3887.96      0.0      0.0  6790.68  3887.96  1.00000
6350000.  2900.00  6790.68  3887.96      0.0      0.0  6790.68  3887.96  1.00000
6351000.  2900.00  6790.68  3887.96      0.0      0.0  6790.68  3887.96  1.00000
6352000.  2900.00  6790.68  3887.96      0.0      0.0  6790.68  3887.96  1.00000
6353000.  2900.00  6790.68  3887.96      0.0      0.0  6790.68  3887.96  1.00000
6354000.  2900.00  6790.68  3887.96      0.0      0.0  6790.68  3887.96  1.00000
6355000.  2900.00  6790.68  3887.96      0.0      0.0  6790.68  3887.96  1.00000
6356000.  2900.00  6790.68  3887.96      0.0      0.0  6790.68  3887.96  1.00000
6356000.  2600.00  5792.63  3190.12      0.0      0.0  5792.63  3190.12  1.00000
6357000.  2600.00  5792.63  3190.12      0.0      0.0  5792.63  3190.12  1.00000
6358000.  2600.00  5792.63  3190.12      0.0      0.0  5792.63  3190.12  1.00000
6359000.  2600.00  5792.63  3190.12      0.0      0.0  5792.63  3190.12  1.00000
6360000.  2600.00  5792.63  3190.12      0.0      0.0  5792.63  3190.12  1.00000
6361000.  2600.00  5792.63  3190.12      0.0      0.0  5792.63  3190.12  1.00000
6362000.  2600.00  5792.63  3190.12      0.0      0.0  5792.63  3190.12  1.00000
6363000.  2600.00  5792.63  3190.12      0.0      0.0  5792.63  3190.12  1.00000
6364000.  2600.00  5792.63  3190.12      0.0      0.0  5792.63  3190.12  1.00000
6365000.  2600.00  5792.63  3190.12      0.0      0.0  5792.63  3190.12  1.00000
6366000.  2600.00  5792.63  3190.12      0.0      0.0  5792.63  3190.12  1.00000
6367000.  2600.00  5792.63  3190.12      0.0      0.0  5792.63  3190.12  1.00000
6368000.  2600.00  5792.63  3190.12      0.0      0.0  5792.63  3190.12  1.00000
6368000.  2600.00  5792.63  3190.12      0.0      0.0  5792.63  3190.12  1.00000
6369000.  2600.00  5792.63  3190.12      0.0      0.0  5792.63  3190.12  1.00000
6370000.  2600.00  5792.63  3190.12      0.0      0.0  5792.63  3190.12  1.00000
6371000.  2600.00  5792.63  3190.12      0.0      0.0  5792.63  3190.12  1.00000
